2345 Guru 9148029443 65987412358 6258 85841 
6745 Balu 7259823524 98691950181 5527 56788 
5637 Manish 8296414475 27890454554 3455 5678 
8934 Disha 9895969198 85526341774 1239 500142 
7822 Ehsaan 8887851838 74494998732 1234 3674 
5673 Nikhil 9422009656 40355591554 1284 748322 
5682 Traun 9448204279 32579412393 1835 876539 
1529 Shravan 9448020344 77241191000 8923 56788 
6723 Aadhya 7670195153 86245098712 1112 2435 
2093 Prathik 9546573382 55278738279 1672 857483 
7628 Himmat 9008979809 94259198405 3321 7645 
2451 Jayant 9035022028 19824931179 3499 78231.000000 
3456 Zubin 9448457948 20397550908 2345 980800.000000 
