Suraj 9856734523 78332452015 5325 90000
Sushmita 8123654851 52565458595 5658 9000
Ziya 8946738354 60032005104 8545 50000
Riya 9946738354 81815256954 6452 3200
Raghav 8685828384 74757887845 8545 142222
Bharat 9795969491 58556622487 3012 51234
Prathik 5254565859 98989595969 7451 10002
Arun 9895969492 23252623251 4142 414527
Rakesh 9226885447 545151514686 4565 121457
Veeresh 8982868485 98955945474 6968 96358
Ashitosh 6562636869 78747575841 2456 47574
Vignesh 7574787172 66568645224 2013 75524
Sumith 8784858181 12242356854 7541 485751
Sharan 2523212624 25232120202 1412 323635
Naveen 6562636467 02212504238 0012 22104
Prasanna 9111277745 45544575122 3265 16524
Shivani 4142454643 54585256537 4152 78958
Alka 8785898684 75787471726 1210 232564
Shreya 2624292785 65696862635 1414 101245
Varsha 3436351218 25565555554 5652 232526
Prithvi 4556231289 45424556657 7874 122451
Neelan 5825366914 10120055565 2324 133652
Praveen 5484575659 45856324555 5253 454748
Pradeep 2556532525 26655698565 8984 414542
Prakash 8585878481 21202123245 1001 121415
Pavan 9898959692 21202415422 2223 65696
Kiran 6968626465 65629887412 1335 23262
Guru 9148029443 65987412358 6558 85841
Keshav 1261623581 41424547484 1125 98512
Sahil 8544858784 24565358947 7884 32265
Akshay 5652585424 25232689471 4124 65598
Sanjeev 4125879614 25364189745 5187 50024
Farez 1232658941 23565142547 2321 40021
Disha 9895969198 85526341774 6939 500142
Arun 8589858941 23256541287 2005 62554
Esha 7885747172 69854123742 1004 52366
Bhuvan 5263417896 14121578456 2023 45211
Rashmi 8584776598 12141516137 2115 65477
Vijay 7584918624 41424547856 0006 41152
Swati 5658942568 41257868925 5556 421578
Diraj 4152638525 63524187984 4445 52368
Adam 2451525541 48485757962 1221 458512
Ullas 4152784152 23568941524 4541 56585 
Abhijeet 7259199997 32021935671 6783 8946
Bhavesh 7892453406 77311525571 1345 35786
Debyendu 8868751838 15746667150 5792 135789
Chetas 8867851838 38835217150 2394 687894
Ehsaan 8887851838 74494998732 4494 3674
Gaurav 7888651838 20643998687 9986 96036
Gautam 9449366650 27431078999 1578 4785
Dipankar 5066694493 11971989706 6889 643872
Smitha 8411196119 37504999678 7733 74434
Rahul 9119684111 97576699674 7198 76498
Supreeth 9849611911 44373969677 9966 89000
Mahin 9880202279 50839022991 0291 123564  
Gagan 8020227998 57815990290 3883 4890
Chahak 6361945756 61612989222 8296 2378
Abhay 9457556361 55619028993 2067 9085374 
Anmol 7019515376 55021988904 6669 8765
Aadhya 7670195153 86245098712 4124 2435
Harshad 9515376701 11276987031 7031 12387
Balu 7259823524 98691950181 1127 56788
Khyathi 8235247259 40189188866 4089 9999
Ragav 7338295465 38110758275 2598 98234
Prathik 9546573382 55278738279 4657 857483
Aanya 9535999102 16741716740 7417 12300
Manish 8296414475 27890454554 8945 5678
Ganesh 9448489448 33299958453 9448 38455
Dhruv 9008731737 39989984543 3998 93642
Farhan 9008800100 44539895354 4872 8743879
Himmat 9008979809 94259198405 5643 7645
Jayant 9035022028 19824931179 5783 78231
Indranuj 9035056600 69102618982 7896 98745
Sachin 9035442938 36926728288 9039 74929
Azad 9108005072 22740121221 0092 367733
Bipin 9108301856 62192210092 2211 21343
Narendra 9164043999 22122060478 6078 543809
Priyanka 9324360602 59098198204 8204 745439
Jyoti 9341466666 82009094822 9480 54738
Surya 9342891221 29750002000 2000 538400
Emir 9421113077 78700389198 3077 647832 
Nikhil 9422009656 40355591554 0095 748322
Shravan 9448020344 77241191000 9100 56788
Manoj 9448044884 37508966301 3021 43216
Shreyas 9448066785 18280332155 2155 898473
Sneha 9448092999 44683961924 1924 34256
Siri 9448093435 17482445559 2559 382962
Nimit 9448109469 20082216169 6161 63287
Parth 9448121856 16728787671 2034 328649
Samir 9448131035 10382948177 8223 73285
Sanchit 9448158969 80394298787 5896 4738
Purab 9448176769 49194722921 1947 908080
Sparsha 9448180677 89732181423 0677 45820
Traun 9448204279 32579412393 4012 876539
Vidur 9448248510 16720087691 8000 3745267
Sumer 9448252363 16934009870 0098 394834
Umang 9448261201 71234569900 4722 564782
Yash 9448276015 61516206209 7866 6732
Umar 9448337198 27807828621 1895 4739
Zubin 9448457948 20397550908 2002 980800